	"index1"	"index2"	"index3"	"index4"	"index5"	"index6"	"index7"	"index8"	"index9"	"index10"	"index11"	"index12"	"index13"
"a"	2.34	9.69	6.02	89.06	1.8	14.6	1.8	0	0	7	0	0.62	15
"c"	1.71	10.78	5.02	121.12	-16.5	6.5	2.5	1	8.33	4.8	2.75	0.29	47
"d"	2.09	9.82	2.97	133.6	5	25.4	-3.5	1	3.86	13	1.38	-0.9	59
"e"	2.19	9.67	3.22	147.08	12	31.8	-3.5	1	4.25	12.5	0.92	-0.74	73
"f"	1.83	9.13	5.48	165.09	-34.5	-4.5	2.8	0	0	5	0	1.19	91
"g"	2.34	9.6	5.97	75.05	0	0	-0.4	0	0	7.9	0.74	0.48	1
"h"	1.82	9.17	7.59	155.09	-38.5	11.8	-3.2	1	6	8.4	0.58	-0.4	82
"i"	2.36	9.68	6.02	131.11	12.4	39.5	4.5	0	0	4.9	0	1.38	57
"k"	2.18	8.95	9.74	146.13	13.5	26	-3.9	1	10.53	10.1	0.33	-1.5	73
"l"	2.36	9.6	5.98	131.11	-11	16	3.8	0	0	4.9	0	1.06	57
"m"	2.28	9.21	5.75	149.15	-10	23.2	1.9	0	0	5.3	0	0.64	75
"n"	2.02	8.8	5.41	132.6	-5.3	33.2	-3.5	0	0	10	1.33	-0.78	58
"p"	1.99	10.6	6.3	115.08	-86.2	-60.4	-1.6	0	0	6.6	0.39	0.12	42
"q"	2.17	9.13	5.65	146.08	6.3	31.8	-3.5	0	0	8.6	0.89	-0.85	72
"r"	2.17	9.04	10.76	174.4	12.5	27.6	-4.5	1	12.48	9.1	0.65	-2.53	101
"s"	2.21	9.15	5.68	105.06	-7.5	15.1	-0.8	0	0	7.5	1.42	-0.18	31
"t"	2.63	10.43	6.53	119.18	-28.5	15	-0.7	0	0	6.6	0.71	-0.05	45
"v"	2.32	9.39	5.97	117.09	5.6	28.3	4.2	0	0	5.6	0	1.08	43
"w"	2.38	9.11	5.89	204.11	-33.7	2.8	-0.9	0	0	5.2	0.13	0.81	130
"y"	2.2	9.11	5.66	181.09	0	-10	-1.3	1	10.07	5.4	0.2	0.26	107
